((("16" .
   [1 0])
  (".glRotatef" .
   [1 0 0 0 0 0 0 0 0 0])
  ("10.0" .
   [1 0 0 0])
  (":cam-rot-x" .
   [1 0 0 0 0 0 0 0 0 0])
  ("0.1" .
   [1 0 0])
  ("-1.0" .
   [1 0 0 0])
  ("1.1" .
   [1 0 0])
  ("4" .
   [1])
  ("<=" .
   [1 0])
  ("distance" .
   [2 0 0 0 0 0 0 0])
  ("vec3/repr" .
   [1 0 0 0 0 0 0 0 0])
  ("vec3/normalize" .
   [0 0 0 0 0 0 0 0 0 0 1 0 0 0])
  ("face-count" .
   [2 0 0 0 0 0 0 0 0 0])
  ("GL2" .
   [1 0 0])
  ("10" .
   [2 0])
  (":vbo-id" .
   [1 0 0 0 0 0 0])
  ("vbo-id" .
   [1 0 0 0 0 0])
  ("ebo-id" .
   [2 0 0 0 0 0])
  ("in" .
   [1 0])
  ("obj" .
   [1 0 0])
  ("import-static" .
   [1 0 0 0 0 0 0 0 0 0 0 0 0])
  ("getFields" .
   [2 0 0 0 0 0 0 0 0])
  ("fields" .
   [2 0 0 0 0 0])
  ("GL_SMOOTH" .
   [1 0 0 0 0 0 0 0 0])
  ("glClearColor" .
   [1 0 0 0 0 0 0 0 0 0 0 0])
  ("glBegin" .
   [2 0 0 0 0 0 0])
  ("import-method" .
   [1 0 0 0 0 0 0 0 0 0 0 0 0])
  ("defgl" .
   [1 0 0 0 0])
  ("1.5" .
   [1 0 0])
  ("0.5" .
   [4 0 0])
  ("-1" .
   [2 0])
  ("0.0" .
   [15 0 0])
  ("*angle*" .
   [2 0 0 0 0 0 0])
  ("unlink" .
   [1 0 0 0 0 0])
  (":div" .
   [1 0 0 0])
  ("rhs" .
   [1 0 0])
  ("rhs_val" .
   [1 0 0 1 0 0 0])
  ("min_precedence" .
   [0 0 0 0 0 1 0 0 0 0 0 0 0 0])
  ("precedence" .
   [0 0 0 0 0 0 0 0 0 1])
  ("False" .
   [2 0 0 0 0])
  ("True" .
   [2 0 0 0])
  ("parse_primary" .
   [0 0 0 0 0 0 0 0 1 0 0 0 1])
  ("operator" .
   [1 0 0 0 0 0 0 0])
  ("put" .
   [1 0 0])
  ("enable" .
   [0 0 0 1 0 0])
  ("Enabled" .
   [0 0 0 0 0 0 2])
  ("get_by_key_name" .
   [0 0 0 0 0 0 0 0 0 0 1 0 0 0 0])
  ("get_instance" .
   [1 0 0 0 0 0 0 0 0 0 0 0])
  ("MarketingCampaign" .
   [0 0 0 0 0 0 0 0 0 0 0 0 0 0 0 0 1])
  ("checked" .
   [1 0 0 0 0 0 0])
  ("if" .
   [2 0])
  ("BusinessRequestHandler" .
   [0 0 0 0 1 0 0 0 0 0 0 0 0 0 0 0 0 0 0 0 0 0])
  ("this" .
   [4 0 0 0])
  ("formElt" .
   [2 0 0 0 0 0 0])
  ("lval" .
   [1 0 0 0])
  ("rr" .
   [1 0])
  ("x3" .
   [1 0])
  ("EOF" .
   [3 0 1])
  ("eof" .
   [4 0 0])
  ("x2" .
   [1 0])
  ("RPAREN" .
   [1 0 0 0 0 0])
  ("FUNCTION" .
   [1 0 0 0 0 0 0 0])
  ("RBRACE" .
   [1 0 0 0 0 0])
  ("function_stmt" .
   [1 0 0 0 0 0 0 0 0 0 0 0 0])
  ("zero_or_more" .
   [1 0 0 0 0 0 0 0 0 0 0 0])
  ("printres" .
   [2 0 0 0 0 0 0 0])
  ("delay" .
   [1 0 0 0 0])
  ("one_or_more" .
   [3 0 0 0 0 0 0 0 0 0 0])
  ("startswith" .
   [2 0 0 0 0 1 0 0 0 0])
  ("Empty" .
   [1 0 0 0 0])
  ("__init__" .
   [2 0 0 0 0 0 0 0])
  ("self" .
   [4 0 0 0])
  ("zero_or_one" .
   [1 0 0 0 0 0 0 0 0 0 0])
  ("empty" .
   [5 0 0 0 0])
  ("Result" .
   [1 0 0 0 0 0])
  ("end" .
   [12 0 1])
  ("stmts" .
   [1 0 0 0 0])
  ("module" .
   [1 0 0 0 0 0])
  ("LBRACE" .
   [2 0 0 0 0 0])
  ("Token" .
   [2 0 0 0 0])
  ("KEYWORD_NAMESPACE" .
   [1 0 0 0 0 0 0 0 0 0 0 0 0 0 0 0 0])
  ("token" .
   [4 0 0 0 0])
  ("cat" .
   [4 0 0])
  ("eat_space" .
   [1 0 0 0 0 0 0 0 0])
  ("parser" .
   [6 0 0 0 0 1])
  ("eat_ws" .
   [1 0 0 0 0 0])
  ("configure" .
   [1 0 0 0 0 0 0 0 0])
  ("_parser" .
   [1 0 0 0 0 0 0])
  ("term" .
   [11 0 0 0])
  ("alts" .
   [1 0 0 0])
  ("cat2" .
   [3 0 0 0])
  ("alt2" .
   [5 0 0 0])
  ("rest" .
   [2 0 0 0])
  ("prs" .
   [1 0 0])
  ("start" .
   [7 0 0 0 0])
  ("left" .
   [3 0 0 0])
  ("found" .
   [5 0 0 0 0])
  ("SyntaxError" .
   [2 0 0 0 0 0 0 0 0 0 0])
  ("alt" .
   [2 0 0])
  ("args" .
   [7 0 0 0])
  ("seq" .
   [1 0 0])
  ("word" .
   [6 0 0 0])
  ("hello" .
   [6 0 0 0 0])
  ("function" .
   [4 0 0 0 0 0 0 0])
  ("define" .
   [2 0 0 0 0 0])
  ("console" .
   [1 0 0 0 0 0 0])
  ("find" .
   [1 0 0 0])
  ("defmath" .
   [0 0 0 1 0 0 0])
  ("sio.test" .
   [0 0 0 0 0 0 1 0])
  ("get_value" .
   [1 0 0 0 0 0 0 0 0])
  ("python-mode" .
   [1 0 0 0 0 0 0 0 0 0 0])
  ("javascript-mode" .
   [1 0 0 0 0 0 0 0 0 0 0 0 0 0 0])
  ("php-mode" .
   [1 0 0 0 0 0 0 0])
  ("return" .
   [1 0 0 0 0 0])
  ("arta_member" .
   [2 0 0 0 1 0 0 0 0 0 0])
  ("ArtaMember" .
   [1 0 0 0 1 0 0 0 0 0])
  ("test_topup" .
   [1 0 0 0 0 0 0 0 0 0])
  ("model" .
   [2 0 0 0 0])
  ("TopupOrder" .
   [0 0 0 0 0 0 1 0 0 0])
  ("campaign" .
   [1 0 0 0 0 0 0 5])
  ("assertTrue" .
   [1 0 0 0 0 0 0 0 0 0])
  ("1000" .
   [2 0 0 0])
  ("other" .
   [2 0 0 0 0])
  ("extend" .
   [2 0 0 0 0 0])
  ("sub" .
   [1 0 0])
  ("x1" .
   [1 0])
  ("None" .
   [5 0 0 0])
  ("extent" .
   [2 0 0 0 0 0])
  ("prefix" .
   [3 0 0 0 0 0])
  ("__getitem__" .
   [1 0 0 0 0 0 0 0 0 0 0])
  ("lextent" .
   [1 0 0 0 0 0 0])
  ("index" .
   [5 0 0 0 0])
  ("stop" .
   [1 0 0 0])
  ("paint" .
   [1 0 0 0 0])
  (":require" .
   [1 0 0 0 0 0 0 0])
  ("sio.game" .
   [2 0 0 0 0 0 0 0])
  ("painter" .
   [1 0 0 0 0 0 0])
  ("fps" .
   [3 0 0])
  ("400" .
   [1 0 0])
  ("render" .
   [6 0 0 0 0 0])
  ("state" .
   [12 0 0 0 0])
  ("ActionListener" .
   [0 0 0 0 0 0 0 0 0 1 0 0 0 0])
  ("actionPerformed" .
   [0 0 0 0 0 0 0 0 0 0 1 0 0 0 0])
  ("action" .
   [1 0 0 0 0 0])
  ("interval" .
   [1 0 0 0 0 0 0 0])
  ("render-panel" .
   [1 0 0 0 0 0 0 0 0 0 0 0])
  ("start-interval" .
   [1 0 0 0 0 0 0 0 0 0 0 0 0 0])
  ("def" .
   [5 0 0])
  ("init-state" .
   [4 0 0 0 0 0 0 0 0 0])
  ("simulate" .
   [1 0 0 0 0 0 0 0])
  ("simulator" .
   [4 0 0 0 0 0 0 0 0])
  ("simulator-func" .
   [3 0 0 0 0 0 0 0 0 0 0 0 0 0])
  ("panel" .
   [2 0 0 0 0])
  ("JPanel" .
   [1 0 0 0 0 0])
  ("Graphics2D" .
   [0 0 0 0 0 0 0 1 0 0])
  ("Color" .
   [1 0 0 0 0])
  (".velocity" .
   [3 0 0 0 0 0 0 0 0])
  (".position" .
   [2 0 0 0 0 0 0 0 0])
  ("use" .
   [1 0 0])
  ("boot_code" .
   [1 0 0 0 0 0 0 0 0])
  ("expand" .
   [2 0 0 0 0 0])
  ("expand-v3+" .
   [1 0 0 0 0 0 0 0 0 0])
  ("expand-v3*" .
   [1 0 0 0 0 0 0 0 0 0])
  ("macroexpand" .
   [0 0 0 0 0 3 0 0 0 0 0])
  ("minline-v3" .
   [1 0 0 0 0 0 0 0 0 0])
  ("1.2" .
   [1 0 0])
  ("GL11/glEnd" .
   [2 0 0 0 0 0 0 0 0 0])
  ("glClear" .
   [1 0 0 0 0 0 0])
  ("glColor" .
   [1 0 0 0 0 0 0])
  ("1" .
   [3])
  ("1.0" .
   [5 0 0])
  ("300" .
   [2 0 0])
  ("width" .
   [2 0 0 0 0])
  ("height" .
   [2 0 0 0 0 0])
  ("GL11/glMatrixMode" .
   [2 0 0 0 0 0 0 0 0 0 0 0 0 0 0 0 0])
  ("GL11/GL_PROJECTION" .
   [1 0 0 0 0 0 0 0 0 0 0 0 0 0 0 0 0 0])
  ("GL11/glLoadIdentity" .
   [0 0 0 0 0 0 0 0 0 0 0 0 0 0 0 1 0 0 0])
  ("GL11" .
   [12 0 0 0])
  ("init-gl-perspective" .
   [0 0 0 0 0 0 0 0 0 1 0 0 0 0 0 0 0 0 0])
  ("600" .
   [2 0 0])
  ("glLoadIdentity" .
   [0 0 0 0 0 0 0 0 0 0 1 0 0 0])
  ("resize-gl" .
   [1 0 0 0 0 0 0 0 0])
  ("800" .
   [1 0 0])
  ("gl.core" .
   [1 0 0 0 0 0 0])
  ("gl-init" .
   [1 0 0 0 0 0 0])
  ("gl-resize" .
   [1 0 0 0 0 0 0 0 0])
  (":import" .
   [1 0 0 0 0 0 0])
  ("gl.import" .
   [1 0 0 0 0 0 0 0 0])
  ("-main" .
   [1 0 0 0 0])
  ("input-stream" .
   [1 0 0 0 0 0 0 0 0 0 0 0])
  ("GLU" .
   [1 0 0])
  ("GL" .
   [1 0])
  ("gl" .
   [1 0])
  ("get-glu" .
   [1 0 0 0 0 0 0])
  ("url" .
   [1 0 0])
  ("5" .
   [1])
  ("source" .
   [3 0 0 0 0 0])
  ("text" .
   [3 0 0 0])
  ("degrees" .
   [1 0 0 0 0 0 0])
  ("deg-to-rad" .
   [1 0 0 0 0 0 2 0 0 0])
  ("radians" .
   [1 0 0 0 0 0 0])
  ("rad-to-deg" .
   [1 0 0 0 0 0 0 0 0 0])
  ("math.angles" .
   [1 0 0 0 0 0 0 0 0 0 0])
  ("pitch" .
   [1 0 0 0 0])
  ("yaw" .
   [1 0 0])
  ("roll" .
   [1 0 0 0])
  ("Math/sin" .
   [2 0 0 0 0 0 0 0])
  ("Math/cos" .
   [2 0 0 0 0 0 0 0])
  ("Vec4." .
   [1 0 0 0 0])
  ("cosp" .
   [4 0 0 0])
  ("cosy" .
   [5 0 0 0])
  ("sinp" .
   [4 0 0 0])
  ("siny" .
   [4 0 0 0])
  ("cosr" .
   [3 0 0 0])
  ("sinr" .
   [3 0 0 0])
  ("vec4/normalize" .
   [1 0 0 0 0 0 0 0 0 0 0 0 0 0])
  ("from-euler" .
   [0 0 0 0 0 0 0 1 0 0])
  ("wit!" .
   [1 0 0 0])))
